camera_matrix: [1703.8485, 0.0, 899.4377, 0.0,
                  0.0, 1887.3020, 485.0655, 0.0,
                  0.0, 0.0, 1.0, 0.0]

rlc: [ 1.0,   0.0,   0.0,
       0.0,   1.0,   0.0,
       0.0,   0.0,   1.0 ]

tlc: [-0.194, -0.170, -0.081]