camera_matrix: [273.99945, 0.0, 336.42767, 0.0,
                0.0, 273.99945, 167.17349, 0.0,
                0.0, 0.0, 1.0, 0.0]

rlc: [1.0, 0.0, 0.0,
      0.0, 1.0, 0.0,
      0.0, 0.0, 1.0]

tlc: [0.197, 0.060, -0.166]